Template: NONE
Grime: 0
Palette: 13
EffectColorB: 8
Effects: ModifyEffectColorB-0.03711999,0.6113586,0.05456676-1114.508-657.7513, Fog-0.603193-20-20, Darkness-0.1020788-22.31625-76.95625, Flies-0.3062366-280.1487-74.395, WaterGlowworm-0.7052716-277.5875-19.755, Wasp-0.2041576-22.31625-125.62, RockFlea-0.5011142-281.0025-126.4738, 
PlacedObjects: CustomDecal><187.491><45.63625><10.24496~567.6176~1149.021~582.1312~933.8762~-10.245~79.39876~-347.4763~0~1~0~rustb3~0.2587231~1~0.2587231~1~0.2587231~1~0.2587231~1, CustomDecal><40.15829><165.2269><-31.58875~215.0188~554.8113~464.3138~445.5313~14.51376~226.2438~-467.0013~0~1~0~rustb3~0.2587227~1~0.2587227~1~0.2587227~1~0.2587227~1, LillyPuck><605.3322><294.1107><488.345~355.1601~3~6, LillyPuck><479.3832><291.2205><603.6013~346.6225~3~6, LillyPuck><793.5906><296.0718><297.9587~355.16~3~6, GlowWeed><674.7104><210.4637><-666.7787~385.0413~3~6, GlowWeed><805.9551><233.1731><-799.9637~361.1363~3~6, 
FadePalette: 452, 0.5011145
MorePalette0: 452, 0.5011139
MorePalette1: 13, 0.157758
MorePalette2: 9, 0.3062359
