Template: NONE
Grime: 0.2587227
Palette: 34
EffectColorB: 8
Effects: ModifyEffectColorB-0.03711966,0.6113588,0.05456526-20-20, Wasp-0.2041579-274.1725-60.735, RockFlea-0.5011142-271.6113-11.21749, Flies-0.3062363-21.46249-121.3512, WaterGlowworm-0.7052722-273.3187-117.0825, Darkness-0.10208-430.4087-537.1275, Fog-0.6031925-430.4088-594.3288, 
PlacedObjects: CustomDecal><243.489><772.2728><2.561234~629.9413~565.0563~611.1588~544.5663~2.56125~304.7887~61.47003~0~1~0~rustb3~0.258724~1~0.258724~1~0.258724~1~0.258724~1, CustomDecal><137.4922><48.68457><83.6675~726.415~699.095~722.1462~618.8425~-29.88125~631.775~-338.0851~0~1~0~rustb3~0.2587227~1~0.2587227~1~0.2587227~1~0.2587227~1, CustomDecal><1013.559><87.54745><-4.26875~197.9438~944.975~542.0051~1013.275~90.49751~1063.772~376.5038~0~1~0~rustb3~0.2587234~1~0.2587234~1~0.2587234~1~0.2587234~1, CustomDecal><1020.546><96.92225><-1.7075~255.145~425.895~321.7375~506.1475~14.51375~1055.235~367.1125~0~1~0~rustb3~0.2587227~1~0.2587227~1~0.2587227~1~0.2587227~1, LillyPuck><1454.3><310.2339><-36.71124~256.9789~3~6, LillyPuck><1488.668><304.0494><-74.27625~261.2475~3~6, GlowWeed><1347.952><277.8801><-203.1925~285.1525~3~6, GlowWeed><1046.637><267.8079><95.62~293.69~3~6, LillyPuck><297.7182><297.8448><566.89~255.2713~3~6, LillyPuck><445.0963><304.1882><421.7526~258.6863~3~6, LillyPuck><488.2992><303.4749><376.5037~256.125~3~6, GlowWeed><525.4398><227.6763><340.6462~405.5313~3~6, 
FadePalette: 452, 0.5011142, 0.5011139, 0.5011141
MorePalette0: 452, 0.5011145, 0.5011139, 0.5011145
MorePalette1: 13, 0.1577586, 0.157758, 0.157758
MorePalette2: 9, 0.4083152, 0.4083152, 0.4083152
